     1        0   0.000
     2    12510   0.010
     3    25019   0.020
     4    37528   0.030
     5    50037   0.040
     6    62546   0.050
     7    75055   0.060
     8    87564   0.070
     9   100073   0.080
    10   112582   0.090
    11   125091   0.100
    12   137600   0.110
    13   150109   0.120
    14   162618   0.130
    15   175127   0.140
    16   187636   0.150
    17   200145   0.160
    18   212654   0.170
    19   225163   0.180
    20   237672   0.190
    21   250181   0.200
    22   262690   0.210
    23   275199   0.220
    24   287708   0.230
    25   300217   0.240
    26   312726   0.250
    27   325235   0.260
    28   337744   0.270
    29   350253   0.280
    30   362762   0.290
    31   375271   0.300
    32   387780   0.310
    33   400289   0.320
    34   412798   0.330
    35   425307   0.340
    36   437816   0.350
    37   450325   0.360
    38   462834   0.370
    39   475343   0.380
    40   487852   0.390
    41   500361   0.400
    42   512870   0.410
    43   525379   0.420
    44   537888   0.430
    45   550397   0.440
    46   562906   0.450
    47   575415   0.460
    48   587924   0.470
    49   600433   0.480
    50   612942   0.490
    51   625451   0.500
    52   637960   0.510
    53   650469   0.520
    54   662978   0.530
    55   675487   0.540
    56   687996   0.550
    57   700505   0.560
    58   713014   0.570
    59   725523   0.580
    60   738032   0.590
    61   750541   0.600
    62   763050   0.610
    63   775559   0.620
    64   788068   0.630
    65   800577   0.640
    66   813086   0.650
    67   825595   0.660
    68   838104   0.670
    69   850613   0.680
    70   863122   0.690
    71   875631   0.700
    72   888140   0.710
    73   900649   0.720
    74   913158   0.730
    75   925667   0.740
    76   938176   0.750
    77   950685   0.760
    78   963194   0.770
    79   975703   0.780
    80   988212   0.790
    81  1000721   0.800
    82  1013230   0.810
    83  1025739   0.820
    84  1038248   0.830
    85  1050757   0.840
    86  1063266   0.850
    87  1075775   0.860
    88  1088284   0.870
    89  1100793   0.880
    90  1113302   0.890
    91  1125811   0.900
    92  1138320   0.910
    93  1150829   0.920
    94  1163338   0.930
    95  1175847   0.940
    96  1188356   0.950
    97  1200865   0.960
    98  1213374   0.970
    99  1225883   0.980
   100  1238392   0.990
   101  1250901   1.000
   102  1263410   1.010
   103  1275919   1.020
   104  1288428   1.030
   105  1300937   1.040
   106  1313446   1.050
   107  1325955   1.060
   108  1338464   1.070
   109  1350973   1.080
   110  1363482   1.090
   111  1375991   1.100
   112  1388500   1.110
   113  1401009   1.120
   114  1413518   1.130
   115  1426027   1.140
   116  1438536   1.150
   117  1451045   1.160
   118  1463554   1.170
   119  1476063   1.180
   120  1488572   1.190
   121  1501081   1.200
   122  1513590   1.210
   123  1526099   1.220
   124  1538608   1.230
   125  1551117   1.240
   126  1563626   1.250
   127  1576135   1.260
   128  1588644   1.270
   129  1601153   1.280
   130  1613662   1.290
   131  1626171   1.300
   132  1638680   1.310
   133  1651189   1.320
   134  1663698   1.330
   135  1676207   1.340
   136  1688716   1.350
   137  1701225   1.360
   138  1713734   1.370
   139  1726243   1.380
   140  1738752   1.390
   141  1751261   1.400
   142  1763770   1.410
   143  1776279   1.420
   144  1788788   1.430
   145  1801297   1.440
   146  1813806   1.450
   147  1826315   1.460
   148  1838824   1.470
   149  1851333   1.480
   150  1863842   1.490
   151  1876351   1.500
   152  1888860   1.510
   153  1901369   1.520
   154  1913878   1.530
   155  1926387   1.540
   156  1938896   1.550
   157  1951405   1.560
   158  1963914   1.570
   159  1976423   1.580
   160  1988932   1.590
   161  2001441   1.600
   162  2013950   1.610
   163  2026459   1.620
   164  2038968   1.630
   165  2051477   1.640
   166  2063986   1.650
   167  2076495   1.660
   168  2089004   1.670
   169  2101513   1.680
   170  2114022   1.690
   171  2126531   1.700
   172  2139040   1.710
   173  2151549   1.720
   174  2164058   1.730
   175  2176567   1.740
   176  2189076   1.750
   177  2201585   1.760
   178  2214094   1.770
   179  2226603   1.780
   180  2239112   1.790
   181  2251621   1.800
   182  2264130   1.810
   183  2276639   1.820
   184  2289148   1.830
   185  2301657   1.840
   186  2314166   1.850
   187  2326675   1.860
   188  2339184   1.870
   189  2351693   1.880
   190  2364202   1.890
   191  2376711   1.900
   192  2389220   1.910
   193  2401729   1.920
   194  2414238   1.930
   195  2426747   1.940
   196  2439256   1.950
   197  2451765   1.960
   198  2464274   1.970
   199  2476783   1.980
   200  2489292   1.990
   201  2501801   2.000
   202  2514310   2.010
   203  2526819   2.020
   204  2539328   2.030
   205  2551837   2.040
   206  2564346   2.050
   207  2576855   2.060
   208  2589364   2.070
   209  2601873   2.080
   210  2614382   2.090
   211  2626891   2.100
   212  2639400   2.110
   213  2651909   2.120
   214  2664418   2.130
   215  2676927   2.140
   216  2689436   2.150
   217  2701945   2.160
   218  2714454   2.170
   219  2726963   2.180
   220  2739472   2.190
   221  2751981   2.200
   222  2764490   2.210
   223  2776999   2.220
   224  2789508   2.230
   225  2802017   2.240
   226  2814526   2.250
   227  2827035   2.260
   228  2839544   2.270
   229  2852053   2.280
   230  2864562   2.290
   231  2877071   2.300
   232  2889580   2.310
   233  2902089   2.320
   234  2914598   2.330
   235  2927107   2.340
   236  2939616   2.350
   237  2952125   2.360
   238  2964634   2.370
   239  2977143   2.380
   240  2989652   2.390
   241  3002161   2.400
   242  3014670   2.410
   243  3027179   2.420
   244  3039688   2.430
   245  3052197   2.440
   246  3064706   2.450
   247  3077215   2.460
   248  3089724   2.470
   249  3102233   2.480
   250  3114742   2.490
   251  3127251   2.500
   252  3139760   2.510
   253  3152269   2.520
   254  3164778   2.530
   255  3177287   2.540
   256  3189796   2.550
   257  3202305   2.560
   258  3214814   2.570
   259  3227323   2.580
   260  3239832   2.590
   261  3252341   2.600
   262  3264850   2.610
   263  3277359   2.620
   264  3289868   2.630
   265  3302377   2.640
   266  3314886   2.650
   267  3327395   2.660
   268  3339904   2.670
   269  3352413   2.680
   270  3364922   2.690
   271  3377431   2.700
   272  3389940   2.710
   273  3402449   2.720
   274  3414958   2.730
   275  3427467   2.740
   276  3439976   2.750
   277  3452485   2.760
   278  3464994   2.770
   279  3477503   2.780
   280  3490012   2.790
   281  3502521   2.800
   282  3515030   2.810
   283  3527539   2.820
   284  3540048   2.830
   285  3552557   2.840
   286  3565066   2.850
   287  3577575   2.860
   288  3590084   2.870
   289  3602593   2.880
   290  3615102   2.890
   291  3627611   2.900
   292  3640120   2.910
   293  3652629   2.920
   294  3665138   2.930
   295  3677647   2.940
   296  3690156   2.950
   297  3702665   2.960
   298  3715174   2.970
   299  3727683   2.980
   300  3740192   2.990
   301  3752701   3.000
   302  3765210   3.010
   303  3777719   3.020
   304  3790228   3.030
   305  3802737   3.040
   306  3815246   3.050
   307  3827755   3.060
   308  3840264   3.070
   309  3852773   3.080
   310  3865282   3.090
   311  3877791   3.100
   312  3890300   3.110
   313  3902809   3.120
   314  3915318   3.130
   315  3927827   3.140
   316  3940336   3.150
   317  3952845   3.160
   318  3965354   3.170
   319  3977863   3.180
   320  3990372   3.190
   321  4002881   3.200
   322  4015390   3.210
   323  4027899   3.220
   324  4040408   3.230
   325  4052917   3.240
   326  4065426   3.250
   327  4077935   3.260
   328  4090444   3.270
   329  4102953   3.280
   330  4115462   3.290
   331  4127971   3.300
   332  4140480   3.310
   333  4152989   3.320
   334  4165498   3.330
   335  4178007   3.340
   336  4190516   3.350
   337  4203025   3.360
   338  4215534   3.370
   339  4228043   3.380
   340  4240552   3.390
   341  4253061   3.400
   342  4265570   3.410
   343  4278079   3.420
   344  4290588   3.430
   345  4303097   3.440
   346  4315606   3.450
   347  4328115   3.460
   348  4340624   3.470
   349  4353133   3.480
   350  4365642   3.490
   351  4378151   3.500
   352  4390660   3.510
   353  4403169   3.520
   354  4415678   3.530
   355  4428187   3.540
   356  4440696   3.550
   357  4453205   3.560
   358  4465714   3.570
   359  4478223   3.580
   360  4490732   3.590
   361  4503241   3.600
   362  4515750   3.610
   363  4528259   3.620
   364  4540768   3.630
   365  4553277   3.640
   366  4565786   3.650
   367  4578295   3.660
   368  4590804   3.670
   369  4603313   3.680
   370  4615822   3.690
   371  4628331   3.700
   372  4640840   3.710
   373  4653349   3.720
   374  4665858   3.730
   375  4678367   3.740
   376  4690876   3.750
   377  4703385   3.760
   378  4715894   3.770
   379  4728403   3.780
   380  4740912   3.790
   381  4753421   3.800
   382  4765930   3.810
   383  4778439   3.820
   384  4790948   3.830
   385  4803457   3.840
   386  4815966   3.850
   387  4828475   3.860
   388  4840984   3.870
   389  4853493   3.880
   390  4866002   3.890
   391  4878511   3.900
   392  4891020   3.910
   393  4903529   3.920
   394  4916038   3.930
   395  4928547   3.940
   396  4941056   3.950
   397  4953565   3.960
   398  4966074   3.970
   399  4978583   3.980
   400  4991092   3.990
   401  5003601   4.000
