     1        0   129600   0.000
     2    12510   129600   0.010
     3    25019   129600   0.020
     4    37528   129600   0.030
     5    50037   129600   0.040
     6    62546   129600   0.050
     7    75055   129600   0.060
     8    87564   129600   0.070
     9   100073   129600   0.080
    10   112582   130920   0.090
    11   125091   130920   0.100
    12   137600   130920   0.110
    13   150109   130920   0.120
    14   162618   130920   0.130
    15   175127   130920   0.140
    16   187636   130920   0.150
    17   200145   130920   0.160
    18   212654   130920   0.170
    19   225163   133105   0.180
    20   237672   133105   0.190
    21   250181   133105   0.200
    22   262690   133105   0.210
    23   275199   133105   0.220
    24   287708   133105   0.230
    25   300217   133105   0.240
    26   312726   133105   0.250
    27   325235   133105   0.260
    28   337744   135399   0.270
    29   350253   135399   0.280
    30   362762   135399   0.290
    31   375271   135399   0.300
    32   387780   135399   0.310
    33   400289   135399   0.320
    34   412798   135399   0.330
    35   425307   135399   0.340
    36   437816   137697   0.350
    37   450325   137697   0.360
    38   462834   137697   0.370
    39   475343   137697   0.380
    40   487852   137697   0.390
    41   500361   137697   0.400
    42   512870   137697   0.410
    43   525379   137697   0.420
    44   537888   137697   0.430
    45   550397   140419   0.440
    46   562906   140419   0.450
    47   575415   140419   0.460
    48   587924   140419   0.470
    49   600433   140419   0.480
    50   612942   140419   0.490
    51   625451   140419   0.500
    52   637960   140419   0.510
    53   650469   140419   0.520
    54   662978   143034   0.530
    55   675487   143034   0.540
    56   687996   143034   0.550
    57   700505   143034   0.560
    58   713014   143034   0.570
    59   725523   143034   0.580
    60   738032   143034   0.590
    61   750541   143034   0.600
    62   763050   143034   0.610
    63   775559   145780   0.620
    64   788068   145780   0.630
    65   800577   145780   0.640
    66   813086   145780   0.650
    67   825595   145780   0.660
    68   838104   145780   0.670
    69   850613   145780   0.680
    70   863122   145780   0.690
    71   875631   148988   0.700
    72   888140   148988   0.710
    73   900649   148988   0.720
    74   913158   148988   0.730
    75   925667   148988   0.740
    76   938176   148988   0.750
    77   950685   148988   0.760
    78   963194   148988   0.770
    79   975703   148988   0.780
    80   988212   151827   0.790
    81  1000721   151827   0.800
    82  1013230   151827   0.810
    83  1025739   151827   0.820
    84  1038248   151827   0.830
    85  1050757   151827   0.840
    86  1063266   151827   0.850
    87  1075775   151827   0.860
    88  1088284   151827   0.870
    89  1100793   154944   0.880
    90  1113302   154944   0.890
    91  1125811   154944   0.900
    92  1138320   154944   0.910
    93  1150829   154944   0.920
    94  1163338   154944   0.930
    95  1175847   154944   0.940
    96  1188356   154944   0.950
    97  1200865   154944   0.960
    98  1213374   157844   0.970
    99  1225883   157844   0.980
   100  1238392   157844   0.990
   101  1250901   157844   1.000
   102  1263410   157844   1.010
   103  1275919   157844   1.020
   104  1288428   157844   1.030
   105  1300937   157844   1.040
   106  1313446   160985   1.050
   107  1325955   160985   1.060
   108  1338464   160985   1.070
   109  1350973   160985   1.080
   110  1363482   160985   1.090
   111  1375991   160985   1.100
   112  1388500   160985   1.110
   113  1401009   160985   1.120
   114  1413518   160985   1.130
   115  1426027   164544   1.140
   116  1438536   164544   1.150
   117  1451045   164544   1.160
   118  1463554   164544   1.170
   119  1476063   164544   1.180
   120  1488572   164544   1.190
   121  1501081   164544   1.200
   122  1513590   164544   1.210
   123  1526099   164544   1.220
   124  1538608   167654   1.230
   125  1551117   167654   1.240
   126  1563626   167654   1.250
   127  1576135   167654   1.260
   128  1588644   167654   1.270
   129  1601153   167654   1.280
   130  1613662   167654   1.290
   131  1626171   167654   1.300
   132  1638680   167654   1.310
   133  1651189   171038   1.320
   134  1663698   171038   1.330
   135  1676207   171038   1.340
   136  1688716   171038   1.350
   137  1701225   171038   1.360
   138  1713734   171038   1.370
   139  1726243   171038   1.380
   140  1738752   171038   1.390
   141  1751261   174189   1.400
   142  1763770   174189   1.410
   143  1776279   174189   1.420
   144  1788788   174189   1.430
   145  1801297   174189   1.440
   146  1813806   174189   1.450
   147  1826315   174189   1.460
   148  1838824   174189   1.470
   149  1851333   174189   1.480
   150  1863842   177476   1.490
   151  1876351   177476   1.500
   152  1888860   177476   1.510
   153  1901369   177476   1.520
   154  1913878   177476   1.530
   155  1926387   177476   1.540
   156  1938896   177476   1.550
   157  1951405   177476   1.560
   158  1963914   177476   1.570
   159  1976423   181020   1.580
   160  1988932   181020   1.590
   161  2001441   181020   1.600
   162  2013950   181020   1.610
   163  2026459   181020   1.620
   164  2038968   181020   1.630
   165  2051477   181020   1.640
   166  2063986   181020   1.650
   167  2076495   181020   1.660
   168  2089004   184165   1.670
   169  2101513   184165   1.680
   170  2114022   184165   1.690
   171  2126531   184165   1.700
   172  2139040   184165   1.710
   173  2151549   184165   1.720
   174  2164058   184165   1.730
   175  2176567   184165   1.740
   176  2189076   187593   1.750
   177  2201585   187593   1.760
   178  2214094   187593   1.770
   179  2226603   187593   1.780
   180  2239112   187593   1.790
   181  2251621   187593   1.800
   182  2264130   187593   1.810
   183  2276639   187593   1.820
   184  2289148   187593   1.830
   185  2301657   190888   1.840
   186  2314166   190888   1.850
   187  2326675   190888   1.860
   188  2339184   190888   1.870
   189  2351693   190888   1.880
   190  2364202   190888   1.890
   191  2376711   190888   1.900
   192  2389220   190888   1.910
   193  2401729   190888   1.920
   194  2414238   194318   1.930
   195  2426747   194318   1.940
   196  2439256   194318   1.950
   197  2451765   194318   1.960
   198  2464274   194318   1.970
   199  2476783   194318   1.980
   200  2489292   194318   1.990
   201  2501801   194318   2.000
   202  2514310   194318   2.010
   203  2526819   197899   2.020
   204  2539328   197899   2.030
   205  2551837   197899   2.040
   206  2564346   197899   2.050
   207  2576855   197899   2.060
   208  2589364   197899   2.070
   209  2601873   197899   2.080
   210  2614382   197899   2.090
   211  2626891   201117   2.100
   212  2639400   201117   2.110
   213  2651909   201117   2.120
   214  2664418   201117   2.130
   215  2676927   201117   2.140
   216  2689436   201117   2.150
   217  2701945   201117   2.160
   218  2714454   201117   2.170
   219  2726963   201117   2.180
   220  2739472   204674   2.190
   221  2751981   204674   2.200
   222  2764490   204674   2.210
   223  2776999   204674   2.220
   224  2789508   204674   2.230
   225  2802017   204674   2.240
   226  2814526   204674   2.250
   227  2827035   204674   2.260
   228  2839544   204674   2.270
   229  2852053   208062   2.280
   230  2864562   208062   2.290
   231  2877071   208062   2.300
   232  2889580   208062   2.310
   233  2902089   208062   2.320
   234  2914598   208062   2.330
   235  2927107   208062   2.340
   236  2939616   208062   2.350
   237  2952125   208062   2.360
   238  2964634   211521   2.370
   239  2977143   211521   2.380
   240  2989652   211521   2.390
   241  3002161   211521   2.400
   242  3014670   211521   2.410
   243  3027179   211521   2.420
   244  3039688   211521   2.430
   245  3052197   211521   2.440
   246  3064706   215187   2.450
   247  3077215   215187   2.460
   248  3089724   215187   2.470
   249  3102233   215187   2.480
   250  3114742   215187   2.490
   251  3127251   215187   2.500
   252  3139760   215187   2.510
   253  3152269   215187   2.520
   254  3164778   215187   2.530
   255  3177287   218512   2.540
   256  3189796   218512   2.550
   257  3202305   218512   2.560
   258  3214814   218512   2.570
   259  3227323   218512   2.580
   260  3239832   218512   2.590
   261  3252341   218512   2.600
   262  3264850   218512   2.610
   263  3277359   218512   2.620
   264  3289868   222154   2.630
   265  3302377   222154   2.640
   266  3314886   222154   2.650
   267  3327395   222154   2.660
   268  3339904   222154   2.670
   269  3352413   222154   2.680
   270  3364922   222154   2.690
   271  3377431   222154   2.700
   272  3389940   222154   2.710
   273  3402449   225584   2.720
   274  3414958   225584   2.730
   275  3427467   225584   2.740
   276  3439976   225584   2.750
   277  3452485   225584   2.760
   278  3464994   225584   2.770
   279  3477503   225584   2.780
   280  3490012   225584   2.790
   281  3502521   229077   2.800
   282  3515030   229077   2.810
   283  3527539   229077   2.820
   284  3540048   229077   2.830
   285  3552557   229077   2.840
   286  3565066   229077   2.850
   287  3577575   229077   2.860
   288  3590084   229077   2.870
   289  3602593   229077   2.880
   290  3615102   232766   2.890
   291  3627611   232766   2.900
   292  3640120   232766   2.910
   293  3652629   232766   2.920
   294  3665138   232766   2.930
   295  3677647   232766   2.940
   296  3690156   232766   2.950
   297  3702665   232766   2.960
   298  3715174   232766   2.970
   299  3727683   236102   2.980
   300  3740192   236102   2.990
   301  3752701   236102   3.000
   302  3765210   236102   3.010
   303  3777719   236102   3.020
   304  3790228   236102   3.030
   305  3802737   236102   3.040
   306  3815246   236102   3.050
   307  3827755   236102   3.060
   308  3840264   239695   3.070
   309  3852773   239695   3.080
   310  3865282   239695   3.090
   311  3877791   239695   3.100
   312  3890300   239695   3.110
   313  3902809   239695   3.120
   314  3915318   239695   3.130
   315  3927827   239695   3.140
   316  3940336   243027   3.150
   317  3952845   243027   3.160
   318  3965354   243027   3.170
   319  3977863   243027   3.180
   320  3990372   243027   3.190
   321  4002881   243027   3.200
   322  4015390   243027   3.210
   323  4027899   243027   3.220
   324  4040408   243027   3.230
   325  4052917   246554   3.240
   326  4065426   246554   3.250
   327  4077935   246554   3.260
   328  4090444   246554   3.270
   329  4102953   246554   3.280
   330  4115462   246554   3.290
   331  4127971   246554   3.300
   332  4140480   246554   3.310
   333  4152989   246554   3.320
   334  4165498   250144   3.330
   335  4178007   250144   3.340
   336  4190516   250144   3.350
   337  4203025   250144   3.360
   338  4215534   250144   3.370
   339  4228043   250144   3.380
   340  4240552   250144   3.390
   341  4253061   250144   3.400
   342  4265570   250144   3.410
   343  4278079   253407   3.420
   344  4290588   253407   3.430
   345  4303097   253407   3.440
   346  4315606   253407   3.450
   347  4328115   253407   3.460
   348  4340624   253407   3.470
   349  4353133   253407   3.480
   350  4365642   253407   3.490
   351  4378151   256943   3.500
   352  4390660   256943   3.510
   353  4403169   256943   3.520
   354  4415678   256943   3.530
   355  4428187   256943   3.540
   356  4440696   256943   3.550
   357  4453205   256943   3.560
   358  4465714   256943   3.570
   359  4478223   256943   3.580
   360  4490732   260287   3.590
   361  4503241   260287   3.600
   362  4515750   260287   3.610
   363  4528259   260287   3.620
   364  4540768   260287   3.630
   365  4553277   260287   3.640
   366  4565786   260287   3.650
   367  4578295   260287   3.660
   368  4590804   260287   3.670
   369  4603313   263780   3.680
   370  4615822   263780   3.690
   371  4628331   263780   3.700
   372  4640840   263780   3.710
   373  4653349   263780   3.720
   374  4665858   263780   3.730
   375  4678367   263780   3.740
   376  4690876   263780   3.750
   377  4703385   263780   3.760
   378  4715894   267473   3.770
   379  4728403   267473   3.780
   380  4740912   267473   3.790
   381  4753421   267473   3.800
   382  4765930   267473   3.810
   383  4778439   267473   3.820
   384  4790948   267473   3.830
   385  4803457   267473   3.840
   386  4815966   270716   3.850
   387  4828475   270716   3.860
   388  4840984   270716   3.870
   389  4853493   270716   3.880
   390  4866002   270716   3.890
   391  4878511   270716   3.900
   392  4891020   270716   3.910
   393  4903529   270716   3.920
   394  4916038   270716   3.930
   395  4928547   274202   3.940
   396  4941056   274202   3.950
   397  4953565   274202   3.960
   398  4966074   274202   3.970
   399  4978583   274202   3.980
   400  4991092   274202   3.990
   401  5003601   274202   4.000
